[0,0]^[0,0]^[0,0]^->1,[2 1 1 1 385 0 ]
[0,0]^[0,0]^[1,1]^->1,[3 1 4 1 385 0 ]
[0,0]^[0,0]^[2,2]^->1,[5 1 385 0 6 1 ]
[0,0]^[0,0]^[3,3]^->1,[7 1 8 1 385 0 ]
[0,0]^[0,0]^[4,4]^->1,[9 1 10 1 385 0 ]
[0,0]^[0,0]^[5,5]^->1,[11 1 12 1 385 0 ]
[0,0]^[0,0]^[6,6]^->1,[14 1 13 1 385 0 ]
[0,0]^[0,0]^[7,7]^->1,[385 0 16 1 15 1 ]
[0,0]^[0,0]^[8,8]^->1,[18 1 385 0 17 1 ]
[0,0]^[0,0]^[9,9]^->1,[20 1 385 0 19 1 ]
[0,0]^[0,0]^[10,10]^->1,[385 0 21 1 22 1 ]
[0,0]^[0,0]^[11,11]^->1,[23 1 385 0 24 1 ]
[0,0]^[0,0]^[12,12]^->1,[25 1 385 0 26 1 ]
[0,0]^[0,0]^[13,13]^->1,[27 1 28 1 385 0 ]
[0,0]^[0,0]^[14,14]^->1,[30 1 29 1 385 0 ]
[0,0]^[0,0]^[15,15]^->1,[31 1 32 1 385 0 ]
[0,0]^[1,1]^[0,0]^->1,[387 1 770 0 386 1 ]
[0,0]^[1,1]^[1,1]^->1,[389 1 770 0 388 1 ]
[0,0]^[1,1]^[2,2]^->1,[390 1 391 1 770 0 ]
[0,0]^[1,1]^[3,3]^->1,[770 0 392 1 393 1 ]
[0,0]^[1,1]^[4,4]^->1,[394 1 395 1 770 0 ]
[0,0]^[1,1]^[5,5]^->1,[397 1 770 0 396 1 ]
[0,0]^[1,1]^[6,6]^->1,[398 1 770 0 399 1 ]
[0,0]^[1,1]^[7,7]^->1,[401 1 400 1 770 0 ]
[0,0]^[1,1]^[8,8]^->1,[403 1 402 1 770 0 ]
[0,0]^[1,1]^[9,9]^->1,[404 1 770 0 405 1 ]
[0,0]^[1,1]^[10,10]^->1,[406 1 770 0 407 1 ]
[0,0]^[1,1]^[11,11]^->1,[770 0 408 1 409 1 ]
[0,0]^[1,1]^[12,12]^->1,[410 1 770 0 411 1 ]
[0,0]^[1,1]^[13,13]^->1,[413 1 770 0 412 1 ]
[0,0]^[1,1]^[14,14]^->1,[414 1 415 1 770 0 ]
[0,0]^[1,1]^[15,15]^->1,[416 1 417 1 770 0 ]
[0,0]^[2,2]^[0,0]^->1,[1155 0 772 1 771 1 ]
[0,0]^[2,2]^[1,1]^->1,[773 1 1155 0 774 1 ]
[0,0]^[2,2]^[2,2]^->1,[1155 0 776 1 775 1 ]
[0,0]^[2,2]^[3,3]^->1,[1155 0 777 1 778 1 ]
[0,0]^[2,2]^[4,4]^->1,[1155 0 780 1 779 1 ]
[0,0]^[2,2]^[5,5]^->1,[781 1 1155 0 782 1 ]
[0,0]^[2,2]^[6,6]^->1,[1155 0 783 1 784 1 ]
[0,0]^[2,2]^[7,7]^->1,[1155 0 786 1 785 1 ]
[0,0]^[2,2]^[8,8]^->1,[787 1 1155 0 788 1 ]
[0,0]^[2,2]^[9,9]^->1,[1155 0 789 1 790 1 ]
[0,0]^[2,2]^[10,10]^->1,[1155 0 792 1 791 1 ]
[0,0]^[2,2]^[11,11]^->1,[1155 0 794 1 793 1 ]
[0,0]^[2,2]^[12,12]^->1,[1155 0 795 1 796 1 ]
[0,0]^[2,2]^[13,13]^->1,[1155 0 798 1 797 1 ]
[0,0]^[2,2]^[14,14]^->1,[1155 0 800 1 799 1 ]
[0,0]^[2,2]^[15,15]^->1,[1155 0 801 1 802 1 ]
[0,0]^[3,3]^[0,0]^->1,[1157 1 1540 0 1156 1 ]
[0,0]^[3,3]^[1,1]^->1,[1159 1 1158 1 1540 0 ]
[0,0]^[3,3]^[2,2]^->1,[1160 1 1161 1 1540 0 ]
[0,0]^[3,3]^[3,3]^->1,[1163 1 1162 1 1540 0 ]
[0,0]^[3,3]^[4,4]^->1,[1165 1 1540 0 1164 1 ]
[0,0]^[3,3]^[5,5]^->1,[1167 1 1540 0 1166 1 ]
[0,0]^[3,3]^[6,6]^->1,[1169 1 1540 0 1168 1 ]
[0,0]^[3,3]^[7,7]^->1,[1171 1 1170 1 1540 0 ]
[0,0]^[3,3]^[8,8]^->1,[1540 0 1173 1 1172 1 ]
[0,0]^[3,3]^[9,9]^->1,[1175 1 1174 1 1540 0 ]
[0,0]^[3,3]^[10,10]^->1,[1177 1 1176 1 1540 0 ]
[0,0]^[3,3]^[11,11]^->1,[1178 1 1179 1 1540 0 ]
[0,0]^[3,3]^[12,12]^->1,[1180 1 1540 0 1181 1 ]
[0,0]^[3,3]^[13,13]^->1,[1182 1 1540 0 1183 1 ]
[0,0]^[3,3]^[14,14]^->1,[1185 1 1540 0 1184 1 ]
[0,0]^[3,3]^[15,15]^->1,[1187 1 1186 1 1540 0 ]
[1,1]^[0,0]^[0,0]^->1,[34 1 33 1 385 0 ]
[1,1]^[0,0]^[1,1]^->1,[36 1 385 0 35 1 ]
[1,1]^[0,0]^[2,2]^->1,[38 1 37 1 385 0 ]
[1,1]^[0,0]^[3,3]^->1,[40 1 39 1 385 0 ]
[1,1]^[0,0]^[4,4]^->1,[42 1 41 1 385 0 ]
[1,1]^[0,0]^[5,5]^->1,[385 0 44 1 43 1 ]
[1,1]^[0,0]^[6,6]^->1,[45 1 385 0 46 1 ]
[1,1]^[0,0]^[7,7]^->1,[47 1 385 0 48 1 ]
[1,1]^[0,0]^[8,8]^->1,[50 1 49 1 385 0 ]
[1,1]^[0,0]^[9,9]^->1,[52 1 385 0 51 1 ]
[1,1]^[0,0]^[10,10]^->1,[53 1 54 1 385 0 ]
[1,1]^[0,0]^[11,11]^->1,[56 1 55 1 385 0 ]
[1,1]^[0,0]^[12,12]^->1,[58 1 385 0 57 1 ]
[1,1]^[0,0]^[13,13]^->1,[59 1 385 0 60 1 ]
[1,1]^[0,0]^[14,14]^->1,[62 1 61 1 385 0 ]
[1,1]^[0,0]^[15,15]^->1,[64 1 385 0 63 1 ]
[1,1]^[1,1]^[0,0]^->1,[770 0 419 1 418 1 ]
[1,1]^[1,1]^[1,1]^->1,[421 1 770 0 420 1 ]
[1,1]^[1,1]^[2,2]^->1,[770 0 422 1 423 1 ]
[1,1]^[1,1]^[3,3]^->1,[425 1 770 0 424 1 ]
[1,1]^[1,1]^[4,4]^->1,[427 1 770 0 426 1 ]
[1,1]^[1,1]^[5,5]^->1,[770 0 429 1 428 1 ]
[1,1]^[1,1]^[6,6]^->1,[770 0 430 1 431 1 ]
[1,1]^[1,1]^[7,7]^->1,[770 0 432 1 433 1 ]
[1,1]^[1,1]^[8,8]^->1,[434 1 770 0 435 1 ]
[1,1]^[1,1]^[9,9]^->1,[436 1 770 0 437 1 ]
[1,1]^[1,1]^[10,10]^->1,[770 0 438 1 439 1 ]
[1,1]^[1,1]^[11,11]^->1,[441 1 770 0 440 1 ]
[1,1]^[1,1]^[12,12]^->1,[770 0 442 1 443 1 ]
[1,1]^[1,1]^[13,13]^->1,[444 1 445 1 770 0 ]
[1,1]^[1,1]^[14,14]^->1,[446 1 447 1 770 0 ]
[1,1]^[1,1]^[15,15]^->1,[448 1 770 0 449 1 ]
[1,1]^[2,2]^[0,0]^->1,[803 1 804 1 1155 0 ]
[1,1]^[2,2]^[1,1]^->1,[1155 0 806 1 805 1 ]
[1,1]^[2,2]^[2,2]^->1,[1155 0 808 1 807 1 ]
[1,1]^[2,2]^[3,3]^->1,[1155 0 809 1 810 1 ]
[1,1]^[2,2]^[4,4]^->1,[1155 0 811 1 812 1 ]
[1,1]^[2,2]^[5,5]^->1,[1155 0 814 1 813 1 ]
[1,1]^[2,2]^[6,6]^->1,[1155 0 815 1 816 1 ]
[1,1]^[2,2]^[7,7]^->1,[818 1 1155 0 817 1 ]
[1,1]^[2,2]^[8,8]^->1,[1155 0 820 1 819 1 ]
[1,1]^[2,2]^[9,9]^->1,[1155 0 822 1 821 1 ]
[1,1]^[2,2]^[10,10]^->1,[1155 0 824 1 823 1 ]
[1,1]^[2,2]^[11,11]^->1,[1155 0 825 1 826 1 ]
[1,1]^[2,2]^[12,12]^->1,[1155 0 827 1 828 1 ]
[1,1]^[2,2]^[13,13]^->1,[1155 0 829 1 830 1 ]
[1,1]^[2,2]^[14,14]^->1,[1155 0 831 1 832 1 ]
[1,1]^[2,2]^[15,15]^->1,[1155 0 833 1 834 1 ]
[1,1]^[3,3]^[0,0]^->1,[1188 1 1540 0 1189 1 ]
[1,1]^[3,3]^[1,1]^->1,[1191 1 1190 1 1540 0 ]
[1,1]^[3,3]^[2,2]^->1,[1192 1 1540 0 1193 1 ]
[1,1]^[3,3]^[3,3]^->1,[1194 1 1540 0 1195 1 ]
[1,1]^[3,3]^[4,4]^->1,[1197 1 1540 0 1196 1 ]
[1,1]^[3,3]^[5,5]^->1,[1199 1 1540 0 1198 1 ]
[1,1]^[3,3]^[6,6]^->1,[1200 1 1540 0 1201 1 ]
[1,1]^[3,3]^[7,7]^->1,[1202 1 1540 0 1203 1 ]
[1,1]^[3,3]^[8,8]^->1,[1204 1 1205 1 1540 0 ]
[1,1]^[3,3]^[9,9]^->1,[1207 1 1206 1 1540 0 ]
[1,1]^[3,3]^[10,10]^->1,[1208 1 1540 0 1209 1 ]
[1,1]^[3,3]^[11,11]^->1,[1210 1 1540 0 1211 1 ]
[1,1]^[3,3]^[12,12]^->1,[1213 1 1540 0 1212 1 ]
[1,1]^[3,3]^[13,13]^->1,[1540 0 1214 1 1215 1 ]
[1,1]^[3,3]^[14,14]^->1,[1540 0 1216 1 1217 1 ]
[1,1]^[3,3]^[15,15]^->1,[1218 1 1540 0 1219 1 ]
[2,2]^[0,0]^[0,0]^->1,[66 1 65 1 385 0 ]
[2,2]^[0,0]^[1,1]^->1,[67 1 68 1 385 0 ]
[2,2]^[0,0]^[2,2]^->1,[70 1 69 1 385 0 ]
[2,2]^[0,0]^[3,3]^->1,[71 1 72 1 385 0 ]
[2,2]^[0,0]^[4,4]^->1,[74 1 73 1 385 0 ]
[2,2]^[0,0]^[5,5]^->1,[75 1 385 0 76 1 ]
[2,2]^[0,0]^[6,6]^->1,[78 1 77 1 385 0 ]
[2,2]^[0,0]^[7,7]^->1,[80 1 79 1 385 0 ]
[2,2]^[0,0]^[8,8]^->1,[81 1 385 0 82 1 ]
[2,2]^[0,0]^[9,9]^->1,[84 1 385 0 83 1 ]
[2,2]^[0,0]^[10,10]^->1,[86 1 385 0 85 1 ]
[2,2]^[0,0]^[11,11]^->1,[87 1 385 0 88 1 ]
[2,2]^[0,0]^[12,12]^->1,[89 1 90 1 385 0 ]
[2,2]^[0,0]^[13,13]^->1,[91 1 92 1 385 0 ]
[2,2]^[0,0]^[14,14]^->1,[93 1 94 1 385 0 ]
[2,2]^[0,0]^[15,15]^->1,[96 1 95 1 385 0 ]
[2,2]^[1,1]^[0,0]^->1,[770 0 450 1 451 1 ]
[2,2]^[1,1]^[1,1]^->1,[453 1 770 0 452 1 ]
[2,2]^[1,1]^[2,2]^->1,[770 0 455 1 454 1 ]
[2,2]^[1,1]^[3,3]^->1,[770 0 456 1 457 1 ]
[2,2]^[1,1]^[4,4]^->1,[459 1 458 1 770 0 ]
[2,2]^[1,1]^[5,5]^->1,[770 0 461 1 460 1 ]
[2,2]^[1,1]^[6,6]^->1,[462 1 463 1 770 0 ]
[2,2]^[1,1]^[7,7]^->1,[464 1 465 1 770 0 ]
[2,2]^[1,1]^[8,8]^->1,[770 0 467 1 466 1 ]
[2,2]^[1,1]^[9,9]^->1,[468 1 770 0 469 1 ]
[2,2]^[1,1]^[10,10]^->1,[471 1 770 0 470 1 ]
[2,2]^[1,1]^[11,11]^->1,[473 1 770 0 472 1 ]
[2,2]^[1,1]^[12,12]^->1,[474 1 770 0 475 1 ]
[2,2]^[1,1]^[13,13]^->1,[770 0 477 1 476 1 ]
[2,2]^[1,1]^[14,14]^->1,[478 1 770 0 479 1 ]
[2,2]^[1,1]^[15,15]^->1,[480 1 770 0 481 1 ]
[2,2]^[2,2]^[0,0]^->1,[836 1 1155 0 835 1 ]
[2,2]^[2,2]^[1,1]^->1,[837 1 1155 0 838 1 ]
[2,2]^[2,2]^[2,2]^->1,[840 1 1155 0 839 1 ]
[2,2]^[2,2]^[3,3]^->1,[1155 0 841 1 842 1 ]
[2,2]^[2,2]^[4,4]^->1,[1155 0 843 1 844 1 ]
[2,2]^[2,2]^[5,5]^->1,[1155 0 846 1 845 1 ]
[2,2]^[2,2]^[6,6]^->1,[848 1 1155 0 847 1 ]
[2,2]^[2,2]^[7,7]^->1,[1155 0 849 1 850 1 ]
[2,2]^[2,2]^[8,8]^->1,[1155 0 852 1 851 1 ]
[2,2]^[2,2]^[9,9]^->1,[854 1 1155 0 853 1 ]
[2,2]^[2,2]^[10,10]^->1,[1155 0 855 1 856 1 ]
[2,2]^[2,2]^[11,11]^->1,[1155 0 858 1 857 1 ]
[2,2]^[2,2]^[12,12]^->1,[1155 0 859 1 860 1 ]
[2,2]^[2,2]^[13,13]^->1,[861 1 1155 0 862 1 ]
[2,2]^[2,2]^[14,14]^->1,[863 1 1155 0 864 1 ]
[2,2]^[2,2]^[15,15]^->1,[1155 0 866 1 865 1 ]
[2,2]^[3,3]^[0,0]^->1,[1221 1 1540 0 1220 1 ]
[2,2]^[3,3]^[1,1]^->1,[1223 1 1222 1 1540 0 ]
[2,2]^[3,3]^[2,2]^->1,[1225 1 1224 1 1540 0 ]
[2,2]^[3,3]^[3,3]^->1,[1226 1 1227 1 1540 0 ]
[2,2]^[3,3]^[4,4]^->1,[1229 1 1228 1 1540 0 ]
[2,2]^[3,3]^[5,5]^->1,[1231 1 1540 0 1230 1 ]
[2,2]^[3,3]^[6,6]^->1,[1233 1 1540 0 1232 1 ]
[2,2]^[3,3]^[7,7]^->1,[1235 1 1234 1 1540 0 ]
[2,2]^[3,3]^[8,8]^->1,[1237 1 1540 0 1236 1 ]
[2,2]^[3,3]^[9,9]^->1,[1238 1 1540 0 1239 1 ]
[2,2]^[3,3]^[10,10]^->1,[1240 1 1241 1 1540 0 ]
[2,2]^[3,3]^[11,11]^->1,[1243 1 1242 1 1540 0 ]
[2,2]^[3,3]^[12,12]^->1,[1245 1 1540 0 1244 1 ]
[2,2]^[3,3]^[13,13]^->1,[1246 1 1540 0 1247 1 ]
[2,2]^[3,3]^[14,14]^->1,[1248 1 1540 0 1249 1 ]
[2,2]^[3,3]^[15,15]^->1,[1251 1 1250 1 1540 0 ]
[3,3]^[0,0]^[0,0]^->1,[98 1 97 1 385 0 ]
[3,3]^[0,0]^[1,1]^->1,[99 1 385 0 100 1 ]
[3,3]^[0,0]^[2,2]^->1,[385 0 101 1 102 1 ]
[3,3]^[0,0]^[3,3]^->1,[103 1 104 1 385 0 ]
[3,3]^[0,0]^[4,4]^->1,[106 1 385 0 105 1 ]
[3,3]^[0,0]^[5,5]^->1,[385 0 108 1 107 1 ]
[3,3]^[0,0]^[6,6]^->1,[110 1 109 1 385 0 ]
[3,3]^[0,0]^[7,7]^->1,[111 1 385 0 112 1 ]
[3,3]^[0,0]^[8,8]^->1,[113 1 385 0 114 1 ]
[3,3]^[0,0]^[9,9]^->1,[116 1 385 0 115 1 ]
[3,3]^[0,0]^[10,10]^->1,[117 1 118 1 385 0 ]
[3,3]^[0,0]^[11,11]^->1,[120 1 385 0 119 1 ]
[3,3]^[0,0]^[12,12]^->1,[122 1 385 0 121 1 ]
[3,3]^[0,0]^[13,13]^->1,[123 1 385 0 124 1 ]
[3,3]^[0,0]^[14,14]^->1,[125 1 385 0 126 1 ]
[3,3]^[0,0]^[15,15]^->1,[128 1 127 1 385 0 ]
[3,3]^[1,1]^[0,0]^->1,[483 1 482 1 770 0 ]
[3,3]^[1,1]^[1,1]^->1,[485 1 770 0 484 1 ]
[3,3]^[1,1]^[2,2]^->1,[770 0 486 1 487 1 ]
[3,3]^[1,1]^[3,3]^->1,[489 1 770 0 488 1 ]
[3,3]^[1,1]^[4,4]^->1,[491 1 490 1 770 0 ]
[3,3]^[1,1]^[5,5]^->1,[492 1 770 0 493 1 ]
[3,3]^[1,1]^[6,6]^->1,[494 1 770 0 495 1 ]
[3,3]^[1,1]^[7,7]^->1,[497 1 496 1 770 0 ]
[3,3]^[1,1]^[8,8]^->1,[770 0 499 1 498 1 ]
[3,3]^[1,1]^[9,9]^->1,[501 1 770 0 500 1 ]
[3,3]^[1,1]^[10,10]^->1,[503 1 770 0 502 1 ]
[3,3]^[1,1]^[11,11]^->1,[505 1 504 1 770 0 ]
[3,3]^[1,1]^[12,12]^->1,[770 0 506 1 507 1 ]
[3,3]^[1,1]^[13,13]^->1,[508 1 509 1 770 0 ]
[3,3]^[1,1]^[14,14]^->1,[511 1 770 0 510 1 ]
[3,3]^[1,1]^[15,15]^->1,[512 1 770 0 513 1 ]
[3,3]^[2,2]^[0,0]^->1,[1155 0 868 1 867 1 ]
[3,3]^[2,2]^[1,1]^->1,[1155 0 870 1 869 1 ]
[3,3]^[2,2]^[2,2]^->1,[1155 0 872 1 871 1 ]
[3,3]^[2,2]^[3,3]^->1,[1155 0 874 1 873 1 ]
[3,3]^[2,2]^[4,4]^->1,[1155 0 875 1 876 1 ]
[3,3]^[2,2]^[5,5]^->1,[1155 0 877 1 878 1 ]
[3,3]^[2,2]^[6,6]^->1,[1155 0 879 1 880 1 ]
[3,3]^[2,2]^[7,7]^->1,[1155 0 881 1 882 1 ]
[3,3]^[2,2]^[8,8]^->1,[1155 0 883 1 884 1 ]
[3,3]^[2,2]^[9,9]^->1,[886 1 1155 0 885 1 ]
[3,3]^[2,2]^[10,10]^->1,[1155 0 888 1 887 1 ]
[3,3]^[2,2]^[11,11]^->1,[889 1 890 1 1155 0 ]
[3,3]^[2,2]^[12,12]^->1,[1155 0 892 1 891 1 ]
[3,3]^[2,2]^[13,13]^->1,[1155 0 893 1 894 1 ]
[3,3]^[2,2]^[14,14]^->1,[1155 0 895 1 896 1 ]
[3,3]^[2,2]^[15,15]^->1,[1155 0 897 1 898 1 ]
[3,3]^[3,3]^[0,0]^->1,[1253 1 1252 1 1540 0 ]
[3,3]^[3,3]^[1,1]^->1,[1255 1 1540 0 1254 1 ]
[3,3]^[3,3]^[2,2]^->1,[1540 0 1257 1 1256 1 ]
[3,3]^[3,3]^[3,3]^->1,[1259 1 1540 0 1258 1 ]
[3,3]^[3,3]^[4,4]^->1,[1260 1 1261 1 1540 0 ]
[3,3]^[3,3]^[5,5]^->1,[1262 1 1540 0 1263 1 ]
[3,3]^[3,3]^[6,6]^->1,[1264 1 1265 1 1540 0 ]
[3,3]^[3,3]^[7,7]^->1,[1266 1 1267 1 1540 0 ]
[3,3]^[3,3]^[8,8]^->1,[1269 1 1540 0 1268 1 ]
[3,3]^[3,3]^[9,9]^->1,[1270 1 1540 0 1271 1 ]
[3,3]^[3,3]^[10,10]^->1,[1540 0 1273 1 1272 1 ]
[3,3]^[3,3]^[11,11]^->1,[1275 1 1274 1 1540 0 ]
[3,3]^[3,3]^[12,12]^->1,[1277 1 1540 0 1276 1 ]
[3,3]^[3,3]^[13,13]^->1,[1278 1 1540 0 1279 1 ]
[3,3]^[3,3]^[14,14]^->1,[1281 1 1540 0 1280 1 ]
[3,3]^[3,3]^[15,15]^->1,[1283 1 1540 0 1282 1 ]
[4,4]^[0,0]^[0,0]^->1,[129 1 130 1 385 0 ]
[4,4]^[0,0]^[1,1]^->1,[385 0 132 1 131 1 ]
[4,4]^[0,0]^[2,2]^->1,[134 1 385 0 133 1 ]
[4,4]^[0,0]^[3,3]^->1,[385 0 136 1 135 1 ]
[4,4]^[0,0]^[4,4]^->1,[137 1 138 1 385 0 ]
[4,4]^[0,0]^[5,5]^->1,[139 1 140 1 385 0 ]
[4,4]^[0,0]^[6,6]^->1,[141 1 385 0 142 1 ]
[4,4]^[0,0]^[7,7]^->1,[143 1 385 0 144 1 ]
[4,4]^[0,0]^[8,8]^->1,[146 1 385 0 145 1 ]
[4,4]^[0,0]^[9,9]^->1,[148 1 385 0 147 1 ]
[4,4]^[0,0]^[10,10]^->1,[150 1 149 1 385 0 ]
[4,4]^[0,0]^[11,11]^->1,[151 1 385 0 152 1 ]
[4,4]^[0,0]^[12,12]^->1,[153 1 385 0 154 1 ]
[4,4]^[0,0]^[13,13]^->1,[156 1 155 1 385 0 ]
[4,4]^[0,0]^[14,14]^->1,[158 1 157 1 385 0 ]
[4,4]^[0,0]^[15,15]^->1,[160 1 159 1 385 0 ]
[4,4]^[1,1]^[0,0]^->1,[770 0 515 1 514 1 ]
[4,4]^[1,1]^[1,1]^->1,[770 0 516 1 517 1 ]
[4,4]^[1,1]^[2,2]^->1,[770 0 519 1 518 1 ]
[4,4]^[1,1]^[3,3]^->1,[770 0 520 1 521 1 ]
[4,4]^[1,1]^[4,4]^->1,[523 1 770 0 522 1 ]
[4,4]^[1,1]^[5,5]^->1,[525 1 524 1 770 0 ]
[4,4]^[1,1]^[6,6]^->1,[770 0 526 1 527 1 ]
[4,4]^[1,1]^[7,7]^->1,[529 1 770 0 528 1 ]
[4,4]^[1,1]^[8,8]^->1,[530 1 770 0 531 1 ]
[4,4]^[1,1]^[9,9]^->1,[532 1 533 1 770 0 ]
[4,4]^[1,1]^[10,10]^->1,[535 1 770 0 534 1 ]
[4,4]^[1,1]^[11,11]^->1,[537 1 770 0 536 1 ]
[4,4]^[1,1]^[12,12]^->1,[538 1 770 0 539 1 ]
[4,4]^[1,1]^[13,13]^->1,[541 1 540 1 770 0 ]
[4,4]^[1,1]^[14,14]^->1,[543 1 770 0 542 1 ]
[4,4]^[1,1]^[15,15]^->1,[545 1 770 0 544 1 ]
[4,4]^[2,2]^[0,0]^->1,[899 1 1155 0 900 1 ]
[4,4]^[2,2]^[1,1]^->1,[1155 0 901 1 902 1 ]
[4,4]^[2,2]^[2,2]^->1,[1155 0 903 1 904 1 ]
[4,4]^[2,2]^[3,3]^->1,[1155 0 906 1 905 1 ]
[4,4]^[2,2]^[4,4]^->1,[1155 0 908 1 907 1 ]
[4,4]^[2,2]^[5,5]^->1,[910 1 1155 0 909 1 ]
[4,4]^[2,2]^[6,6]^->1,[1155 0 912 1 911 1 ]
[4,4]^[2,2]^[7,7]^->1,[914 1 1155 0 913 1 ]
[4,4]^[2,2]^[8,8]^->1,[1155 0 916 1 915 1 ]
[4,4]^[2,2]^[9,9]^->1,[1155 0 918 1 917 1 ]
[4,4]^[2,2]^[10,10]^->1,[1155 0 919 1 920 1 ]
[4,4]^[2,2]^[11,11]^->1,[1155 0 921 1 922 1 ]
[4,4]^[2,2]^[12,12]^->1,[1155 0 924 1 923 1 ]
[4,4]^[2,2]^[13,13]^->1,[1155 0 926 1 925 1 ]
[4,4]^[2,2]^[14,14]^->1,[1155 0 927 1 928 1 ]
[4,4]^[2,2]^[15,15]^->1,[1155 0 929 1 930 1 ]
[4,4]^[3,3]^[0,0]^->1,[1284 1 1285 1 1540 0 ]
[4,4]^[3,3]^[1,1]^->1,[1286 1 1540 0 1287 1 ]
[4,4]^[3,3]^[2,2]^->1,[1289 1 1540 0 1288 1 ]
[4,4]^[3,3]^[3,3]^->1,[1291 1 1540 0 1290 1 ]
[4,4]^[3,3]^[4,4]^->1,[1293 1 1540 0 1292 1 ]
[4,4]^[3,3]^[5,5]^->1,[1295 1 1294 1 1540 0 ]
[4,4]^[3,3]^[6,6]^->1,[1540 0 1296 1 1297 1 ]
[4,4]^[3,3]^[7,7]^->1,[1299 1 1298 1 1540 0 ]
[4,4]^[3,3]^[8,8]^->1,[1300 1 1301 1 1540 0 ]
[4,4]^[3,3]^[9,9]^->1,[1303 1 1302 1 1540 0 ]
[4,4]^[3,3]^[10,10]^->1,[1540 0 1305 1 1304 1 ]
[4,4]^[3,3]^[11,11]^->1,[1307 1 1306 1 1540 0 ]
[4,4]^[3,3]^[12,12]^->1,[1309 1 1308 1 1540 0 ]
[4,4]^[3,3]^[13,13]^->1,[1310 1 1311 1 1540 0 ]
[4,4]^[3,3]^[14,14]^->1,[1313 1 1540 0 1312 1 ]
[4,4]^[3,3]^[15,15]^->1,[1314 1 1540 0 1315 1 ]
[5,5]^[0,0]^[0,0]^->1,[162 1 385 0 161 1 ]
[5,5]^[0,0]^[1,1]^->1,[163 1 164 1 385 0 ]
[5,5]^[0,0]^[2,2]^->1,[165 1 166 1 385 0 ]
[5,5]^[0,0]^[3,3]^->1,[167 1 385 0 168 1 ]
[5,5]^[0,0]^[4,4]^->1,[170 1 169 1 385 0 ]
[5,5]^[0,0]^[5,5]^->1,[385 0 172 1 171 1 ]
[5,5]^[0,0]^[6,6]^->1,[174 1 385 0 173 1 ]
[5,5]^[0,0]^[7,7]^->1,[176 1 175 1 385 0 ]
[5,5]^[0,0]^[8,8]^->1,[178 1 177 1 385 0 ]
[5,5]^[0,0]^[9,9]^->1,[179 1 180 1 385 0 ]
[5,5]^[0,0]^[10,10]^->1,[181 1 182 1 385 0 ]
[5,5]^[0,0]^[11,11]^->1,[183 1 184 1 385 0 ]
[5,5]^[0,0]^[12,12]^->1,[186 1 385 0 185 1 ]
[5,5]^[0,0]^[13,13]^->1,[187 1 188 1 385 0 ]
[5,5]^[0,0]^[14,14]^->1,[190 1 385 0 189 1 ]
[5,5]^[0,0]^[15,15]^->1,[192 1 385 0 191 1 ]
[5,5]^[1,1]^[0,0]^->1,[547 1 770 0 546 1 ]
[5,5]^[1,1]^[1,1]^->1,[548 1 770 0 549 1 ]
[5,5]^[1,1]^[2,2]^->1,[770 0 551 1 550 1 ]
[5,5]^[1,1]^[3,3]^->1,[553 1 552 1 770 0 ]
[5,5]^[1,1]^[4,4]^->1,[770 0 554 1 555 1 ]
[5,5]^[1,1]^[5,5]^->1,[557 1 770 0 556 1 ]
[5,5]^[1,1]^[6,6]^->1,[559 1 770 0 558 1 ]
[5,5]^[1,1]^[7,7]^->1,[561 1 770 0 560 1 ]
[5,5]^[1,1]^[8,8]^->1,[563 1 770 0 562 1 ]
[5,5]^[1,1]^[9,9]^->1,[564 1 770 0 565 1 ]
[5,5]^[1,1]^[10,10]^->1,[770 0 567 1 566 1 ]
[5,5]^[1,1]^[11,11]^->1,[568 1 770 0 569 1 ]
[5,5]^[1,1]^[12,12]^->1,[770 0 570 1 571 1 ]
[5,5]^[1,1]^[13,13]^->1,[572 1 770 0 573 1 ]
[5,5]^[1,1]^[14,14]^->1,[575 1 574 1 770 0 ]
[5,5]^[1,1]^[15,15]^->1,[770 0 577 1 576 1 ]
[5,5]^[2,2]^[0,0]^->1,[1155 0 931 1 932 1 ]
[5,5]^[2,2]^[1,1]^->1,[1155 0 933 1 934 1 ]
[5,5]^[2,2]^[2,2]^->1,[1155 0 935 1 936 1 ]
[5,5]^[2,2]^[3,3]^->1,[1155 0 938 1 937 1 ]
[5,5]^[2,2]^[4,4]^->1,[1155 0 940 1 939 1 ]
[5,5]^[2,2]^[5,5]^->1,[1155 0 942 1 941 1 ]
[5,5]^[2,2]^[6,6]^->1,[943 1 1155 0 944 1 ]
[5,5]^[2,2]^[7,7]^->1,[1155 0 945 1 946 1 ]
[5,5]^[2,2]^[8,8]^->1,[1155 0 948 1 947 1 ]
[5,5]^[2,2]^[9,9]^->1,[1155 0 949 1 950 1 ]
[5,5]^[2,2]^[10,10]^->1,[952 1 1155 0 951 1 ]
[5,5]^[2,2]^[11,11]^->1,[1155 0 953 1 954 1 ]
[5,5]^[2,2]^[12,12]^->1,[955 1 1155 0 956 1 ]
[5,5]^[2,2]^[13,13]^->1,[958 1 1155 0 957 1 ]
[5,5]^[2,2]^[14,14]^->1,[1155 0 959 1 960 1 ]
[5,5]^[2,2]^[15,15]^->1,[962 1 1155 0 961 1 ]
[5,5]^[3,3]^[0,0]^->1,[1316 1 1540 0 1317 1 ]
[5,5]^[3,3]^[1,1]^->1,[1319 1 1318 1 1540 0 ]
[5,5]^[3,3]^[2,2]^->1,[1321 1 1320 1 1540 0 ]
[5,5]^[3,3]^[3,3]^->1,[1323 1 1322 1 1540 0 ]
[5,5]^[3,3]^[4,4]^->1,[1540 0 1325 1 1324 1 ]
[5,5]^[3,3]^[5,5]^->1,[1327 1 1326 1 1540 0 ]
[5,5]^[3,3]^[6,6]^->1,[1328 1 1329 1 1540 0 ]
[5,5]^[3,3]^[7,7]^->1,[1330 1 1331 1 1540 0 ]
[5,5]^[3,3]^[8,8]^->1,[1540 0 1332 1 1333 1 ]
[5,5]^[3,3]^[9,9]^->1,[1335 1 1540 0 1334 1 ]
[5,5]^[3,3]^[10,10]^->1,[1336 1 1337 1 1540 0 ]
[5,5]^[3,3]^[11,11]^->1,[1339 1 1540 0 1338 1 ]
[5,5]^[3,3]^[12,12]^->1,[1340 1 1540 0 1341 1 ]
[5,5]^[3,3]^[13,13]^->1,[1343 1 1540 0 1342 1 ]
[5,5]^[3,3]^[14,14]^->1,[1344 1 1345 1 1540 0 ]
[5,5]^[3,3]^[15,15]^->1,[1347 1 1540 0 1346 1 ]
[6,6]^[0,0]^[0,0]^->1,[193 1 385 0 194 1 ]
[6,6]^[0,0]^[1,1]^->1,[196 1 195 1 385 0 ]
[6,6]^[0,0]^[2,2]^->1,[198 1 385 0 197 1 ]
[6,6]^[0,0]^[3,3]^->1,[200 1 199 1 385 0 ]
[6,6]^[0,0]^[4,4]^->1,[385 0 201 1 202 1 ]
[6,6]^[0,0]^[5,5]^->1,[203 1 204 1 385 0 ]
[6,6]^[0,0]^[6,6]^->1,[205 1 385 0 206 1 ]
[6,6]^[0,0]^[7,7]^->1,[207 1 208 1 385 0 ]
[6,6]^[0,0]^[8,8]^->1,[209 1 385 0 210 1 ]
[6,6]^[0,0]^[9,9]^->1,[211 1 385 0 212 1 ]
[6,6]^[0,0]^[10,10]^->1,[213 1 214 1 385 0 ]
[6,6]^[0,0]^[11,11]^->1,[215 1 385 0 216 1 ]
[6,6]^[0,0]^[12,12]^->1,[217 1 385 0 218 1 ]
[6,6]^[0,0]^[13,13]^->1,[220 1 385 0 219 1 ]
[6,6]^[0,0]^[14,14]^->1,[221 1 385 0 222 1 ]
[6,6]^[0,0]^[15,15]^->1,[385 0 224 1 223 1 ]
[6,6]^[1,1]^[0,0]^->1,[579 1 770 0 578 1 ]
[6,6]^[1,1]^[1,1]^->1,[581 1 580 1 770 0 ]
[6,6]^[1,1]^[2,2]^->1,[582 1 583 1 770 0 ]
[6,6]^[1,1]^[3,3]^->1,[770 0 584 1 585 1 ]
[6,6]^[1,1]^[4,4]^->1,[770 0 586 1 587 1 ]
[6,6]^[1,1]^[5,5]^->1,[589 1 588 1 770 0 ]
[6,6]^[1,1]^[6,6]^->1,[591 1 770 0 590 1 ]
[6,6]^[1,1]^[7,7]^->1,[592 1 770 0 593 1 ]
[6,6]^[1,1]^[8,8]^->1,[594 1 770 0 595 1 ]
[6,6]^[1,1]^[9,9]^->1,[596 1 770 0 597 1 ]
[6,6]^[1,1]^[10,10]^->1,[770 0 599 1 598 1 ]
[6,6]^[1,1]^[11,11]^->1,[600 1 770 0 601 1 ]
[6,6]^[1,1]^[12,12]^->1,[602 1 770 0 603 1 ]
[6,6]^[1,1]^[13,13]^->1,[605 1 604 1 770 0 ]
[6,6]^[1,1]^[14,14]^->1,[770 0 607 1 606 1 ]
[6,6]^[1,1]^[15,15]^->1,[770 0 608 1 609 1 ]
[6,6]^[2,2]^[0,0]^->1,[1155 0 963 1 964 1 ]
[6,6]^[2,2]^[1,1]^->1,[1155 0 965 1 966 1 ]
[6,6]^[2,2]^[2,2]^->1,[1155 0 967 1 968 1 ]
[6,6]^[2,2]^[3,3]^->1,[1155 0 969 1 970 1 ]
[6,6]^[2,2]^[4,4]^->1,[1155 0 971 1 972 1 ]
[6,6]^[2,2]^[5,5]^->1,[1155 0 974 1 973 1 ]
[6,6]^[2,2]^[6,6]^->1,[1155 0 976 1 975 1 ]
[6,6]^[2,2]^[7,7]^->1,[1155 0 977 1 978 1 ]
[6,6]^[2,2]^[8,8]^->1,[1155 0 980 1 979 1 ]
[6,6]^[2,2]^[9,9]^->1,[1155 0 982 1 981 1 ]
[6,6]^[2,2]^[10,10]^->1,[1155 0 984 1 983 1 ]
[6,6]^[2,2]^[11,11]^->1,[1155 0 985 1 986 1 ]
[6,6]^[2,2]^[12,12]^->1,[1155 0 987 1 988 1 ]
[6,6]^[2,2]^[13,13]^->1,[1155 0 989 1 990 1 ]
[6,6]^[2,2]^[14,14]^->1,[1155 0 992 1 991 1 ]
[6,6]^[2,2]^[15,15]^->1,[1155 0 993 1 994 1 ]
[6,6]^[3,3]^[0,0]^->1,[1349 1 1348 1 1540 0 ]
[6,6]^[3,3]^[1,1]^->1,[1350 1 1351 1 1540 0 ]
[6,6]^[3,3]^[2,2]^->1,[1353 1 1352 1 1540 0 ]
[6,6]^[3,3]^[3,3]^->1,[1355 1 1354 1 1540 0 ]
[6,6]^[3,3]^[4,4]^->1,[1540 0 1357 1 1356 1 ]
[6,6]^[3,3]^[5,5]^->1,[1540 0 1359 1 1358 1 ]
[6,6]^[3,3]^[6,6]^->1,[1361 1 1540 0 1360 1 ]
[6,6]^[3,3]^[7,7]^->1,[1363 1 1540 0 1362 1 ]
[6,6]^[3,3]^[8,8]^->1,[1364 1 1540 0 1365 1 ]
[6,6]^[3,3]^[9,9]^->1,[1366 1 1367 1 1540 0 ]
[6,6]^[3,3]^[10,10]^->1,[1369 1 1540 0 1368 1 ]
[6,6]^[3,3]^[11,11]^->1,[1370 1 1371 1 1540 0 ]
[6,6]^[3,3]^[12,12]^->1,[1372 1 1540 0 1373 1 ]
[6,6]^[3,3]^[13,13]^->1,[1374 1 1540 0 1375 1 ]
[6,6]^[3,3]^[14,14]^->1,[1376 1 1377 1 1540 0 ]
[6,6]^[3,3]^[15,15]^->1,[1378 1 1540 0 1379 1 ]
[7,7]^[0,0]^[0,0]^->1,[225 1 226 1 385 0 ]
[7,7]^[0,0]^[1,1]^->1,[228 1 385 0 227 1 ]
[7,7]^[0,0]^[2,2]^->1,[230 1 385 0 229 1 ]
[7,7]^[0,0]^[3,3]^->1,[385 0 231 1 232 1 ]
[7,7]^[0,0]^[4,4]^->1,[233 1 385 0 234 1 ]
[7,7]^[0,0]^[5,5]^->1,[235 1 385 0 236 1 ]
[7,7]^[0,0]^[6,6]^->1,[238 1 237 1 385 0 ]
[7,7]^[0,0]^[7,7]^->1,[239 1 385 0 240 1 ]
[7,7]^[0,0]^[8,8]^->1,[385 0 241 1 242 1 ]
[7,7]^[0,0]^[9,9]^->1,[243 1 385 0 244 1 ]
[7,7]^[0,0]^[10,10]^->1,[385 0 246 1 245 1 ]
[7,7]^[0,0]^[11,11]^->1,[247 1 385 0 248 1 ]
[7,7]^[0,0]^[12,12]^->1,[249 1 250 1 385 0 ]
[7,7]^[0,0]^[13,13]^->1,[385 0 252 1 251 1 ]
[7,7]^[0,0]^[14,14]^->1,[254 1 253 1 385 0 ]
[7,7]^[0,0]^[15,15]^->1,[256 1 385 0 255 1 ]
[7,7]^[1,1]^[0,0]^->1,[611 1 770 0 610 1 ]
[7,7]^[1,1]^[1,1]^->1,[613 1 770 0 612 1 ]
[7,7]^[1,1]^[2,2]^->1,[614 1 615 1 770 0 ]
[7,7]^[1,1]^[3,3]^->1,[770 0 617 1 616 1 ]
[7,7]^[1,1]^[4,4]^->1,[770 0 618 1 619 1 ]
[7,7]^[1,1]^[5,5]^->1,[620 1 621 1 770 0 ]
[7,7]^[1,1]^[6,6]^->1,[622 1 770 0 623 1 ]
[7,7]^[1,1]^[7,7]^->1,[624 1 770 0 625 1 ]
[7,7]^[1,1]^[8,8]^->1,[626 1 627 1 770 0 ]
[7,7]^[1,1]^[9,9]^->1,[628 1 770 0 629 1 ]
[7,7]^[1,1]^[10,10]^->1,[630 1 631 1 770 0 ]
[7,7]^[1,1]^[11,11]^->1,[633 1 770 0 632 1 ]
[7,7]^[1,1]^[12,12]^->1,[635 1 770 0 634 1 ]
[7,7]^[1,1]^[13,13]^->1,[636 1 637 1 770 0 ]
[7,7]^[1,1]^[14,14]^->1,[638 1 770 0 639 1 ]
[7,7]^[1,1]^[15,15]^->1,[641 1 770 0 640 1 ]
[7,7]^[2,2]^[0,0]^->1,[995 1 1155 0 996 1 ]
[7,7]^[2,2]^[1,1]^->1,[997 1 1155 0 998 1 ]
[7,7]^[2,2]^[2,2]^->1,[999 1 1155 0 1000 1 ]
[7,7]^[2,2]^[3,3]^->1,[1155 0 1001 1 1002 1 ]
[7,7]^[2,2]^[4,4]^->1,[1155 0 1003 1 1004 1 ]
[7,7]^[2,2]^[5,5]^->1,[1155 0 1006 1 1005 1 ]
[7,7]^[2,2]^[6,6]^->1,[1007 1 1008 1 1155 0 ]
[7,7]^[2,2]^[7,7]^->1,[1155 0 1009 1 1010 1 ]
[7,7]^[2,2]^[8,8]^->1,[1012 1 1155 0 1011 1 ]
[7,7]^[2,2]^[9,9]^->1,[1155 0 1013 1 1014 1 ]
[7,7]^[2,2]^[10,10]^->1,[1155 0 1015 1 1016 1 ]
[7,7]^[2,2]^[11,11]^->1,[1017 1 1155 0 1018 1 ]
[7,7]^[2,2]^[12,12]^->1,[1155 0 1019 1 1020 1 ]
[7,7]^[2,2]^[13,13]^->1,[1155 0 1021 1 1022 1 ]
[7,7]^[2,2]^[14,14]^->1,[1155 0 1023 1 1024 1 ]
[7,7]^[2,2]^[15,15]^->1,[1155 0 1026 1 1025 1 ]
[7,7]^[3,3]^[0,0]^->1,[1381 1 1540 0 1380 1 ]
[7,7]^[3,3]^[1,1]^->1,[1383 1 1382 1 1540 0 ]
[7,7]^[3,3]^[2,2]^->1,[1540 0 1384 1 1385 1 ]
[7,7]^[3,3]^[3,3]^->1,[1386 1 1387 1 1540 0 ]
[7,7]^[3,3]^[4,4]^->1,[1389 1 1540 0 1388 1 ]
[7,7]^[3,3]^[5,5]^->1,[1391 1 1390 1 1540 0 ]
[7,7]^[3,3]^[6,6]^->1,[1393 1 1540 0 1392 1 ]
[7,7]^[3,3]^[7,7]^->1,[1395 1 1394 1 1540 0 ]
[7,7]^[3,3]^[8,8]^->1,[1397 1 1540 0 1396 1 ]
[7,7]^[3,3]^[9,9]^->1,[1398 1 1399 1 1540 0 ]
[7,7]^[3,3]^[10,10]^->1,[1400 1 1401 1 1540 0 ]
[7,7]^[3,3]^[11,11]^->1,[1402 1 1540 0 1403 1 ]
[7,7]^[3,3]^[12,12]^->1,[1404 1 1405 1 1540 0 ]
[7,7]^[3,3]^[13,13]^->1,[1540 0 1406 1 1407 1 ]
[7,7]^[3,3]^[14,14]^->1,[1409 1 1540 0 1408 1 ]
[7,7]^[3,3]^[15,15]^->1,[1540 0 1410 1 1411 1 ]
[8,8]^[0,0]^[0,0]^->1,[258 1 385 0 257 1 ]
[8,8]^[0,0]^[1,1]^->1,[259 1 260 1 385 0 ]
[8,8]^[0,0]^[2,2]^->1,[262 1 385 0 261 1 ]
[8,8]^[0,0]^[3,3]^->1,[385 0 263 1 264 1 ]
[8,8]^[0,0]^[4,4]^->1,[266 1 385 0 265 1 ]
[8,8]^[0,0]^[5,5]^->1,[268 1 385 0 267 1 ]
[8,8]^[0,0]^[6,6]^->1,[385 0 269 1 270 1 ]
[8,8]^[0,0]^[7,7]^->1,[272 1 271 1 385 0 ]
[8,8]^[0,0]^[8,8]^->1,[385 0 274 1 273 1 ]
[8,8]^[0,0]^[9,9]^->1,[276 1 275 1 385 0 ]
[8,8]^[0,0]^[10,10]^->1,[277 1 278 1 385 0 ]
[8,8]^[0,0]^[11,11]^->1,[280 1 385 0 279 1 ]
[8,8]^[0,0]^[12,12]^->1,[282 1 385 0 281 1 ]
[8,8]^[0,0]^[13,13]^->1,[385 0 283 1 284 1 ]
[8,8]^[0,0]^[14,14]^->1,[286 1 385 0 285 1 ]
[8,8]^[0,0]^[15,15]^->1,[288 1 385 0 287 1 ]
[8,8]^[1,1]^[0,0]^->1,[643 1 770 0 642 1 ]
[8,8]^[1,1]^[1,1]^->1,[644 1 645 1 770 0 ]
[8,8]^[1,1]^[2,2]^->1,[647 1 770 0 646 1 ]
[8,8]^[1,1]^[3,3]^->1,[649 1 648 1 770 0 ]
[8,8]^[1,1]^[4,4]^->1,[650 1 770 0 651 1 ]
[8,8]^[1,1]^[5,5]^->1,[653 1 770 0 652 1 ]
[8,8]^[1,1]^[6,6]^->1,[654 1 770 0 655 1 ]
[8,8]^[1,1]^[7,7]^->1,[770 0 657 1 656 1 ]
[8,8]^[1,1]^[8,8]^->1,[659 1 770 0 658 1 ]
[8,8]^[1,1]^[9,9]^->1,[661 1 770 0 660 1 ]
[8,8]^[1,1]^[10,10]^->1,[662 1 770 0 663 1 ]
[8,8]^[1,1]^[11,11]^->1,[665 1 770 0 664 1 ]
[8,8]^[1,1]^[12,12]^->1,[667 1 770 0 666 1 ]
[8,8]^[1,1]^[13,13]^->1,[669 1 668 1 770 0 ]
[8,8]^[1,1]^[14,14]^->1,[670 1 770 0 671 1 ]
[8,8]^[1,1]^[15,15]^->1,[770 0 672 1 673 1 ]
[8,8]^[2,2]^[0,0]^->1,[1155 0 1027 1 1028 1 ]
[8,8]^[2,2]^[1,1]^->1,[1155 0 1029 1 1030 1 ]
[8,8]^[2,2]^[2,2]^->1,[1155 0 1031 1 1032 1 ]
[8,8]^[2,2]^[3,3]^->1,[1034 1 1155 0 1033 1 ]
[8,8]^[2,2]^[4,4]^->1,[1035 1 1036 1 1155 0 ]
[8,8]^[2,2]^[5,5]^->1,[1155 0 1037 1 1038 1 ]
[8,8]^[2,2]^[6,6]^->1,[1155 0 1040 1 1039 1 ]
[8,8]^[2,2]^[7,7]^->1,[1155 0 1041 1 1042 1 ]
[8,8]^[2,2]^[8,8]^->1,[1155 0 1043 1 1044 1 ]
[8,8]^[2,2]^[9,9]^->1,[1155 0 1045 1 1046 1 ]
[8,8]^[2,2]^[10,10]^->1,[1155 0 1047 1 1048 1 ]
[8,8]^[2,2]^[11,11]^->1,[1155 0 1050 1 1049 1 ]
[8,8]^[2,2]^[12,12]^->1,[1155 0 1051 1 1052 1 ]
[8,8]^[2,2]^[13,13]^->1,[1155 0 1054 1 1053 1 ]
[8,8]^[2,2]^[14,14]^->1,[1155 0 1056 1 1055 1 ]
[8,8]^[2,2]^[15,15]^->1,[1155 0 1058 1 1057 1 ]
[8,8]^[3,3]^[0,0]^->1,[1413 1 1412 1 1540 0 ]
[8,8]^[3,3]^[1,1]^->1,[1415 1 1540 0 1414 1 ]
[8,8]^[3,3]^[2,2]^->1,[1417 1 1540 0 1416 1 ]
[8,8]^[3,3]^[3,3]^->1,[1418 1 1540 0 1419 1 ]
[8,8]^[3,3]^[4,4]^->1,[1420 1 1421 1 1540 0 ]
[8,8]^[3,3]^[5,5]^->1,[1422 1 1423 1 1540 0 ]
[8,8]^[3,3]^[6,6]^->1,[1424 1 1425 1 1540 0 ]
[8,8]^[3,3]^[7,7]^->1,[1427 1 1540 0 1426 1 ]
[8,8]^[3,3]^[8,8]^->1,[1428 1 1429 1 1540 0 ]
[8,8]^[3,3]^[9,9]^->1,[1430 1 1431 1 1540 0 ]
[8,8]^[3,3]^[10,10]^->1,[1432 1 1540 0 1433 1 ]
[8,8]^[3,3]^[11,11]^->1,[1435 1 1540 0 1434 1 ]
[8,8]^[3,3]^[12,12]^->1,[1540 0 1436 1 1437 1 ]
[8,8]^[3,3]^[13,13]^->1,[1439 1 1540 0 1438 1 ]
[8,8]^[3,3]^[14,14]^->1,[1441 1 1540 0 1440 1 ]
[8,8]^[3,3]^[15,15]^->1,[1443 1 1442 1 1540 0 ]
[9,9]^[0,0]^[0,0]^->1,[290 1 385 0 289 1 ]
[9,9]^[0,0]^[1,1]^->1,[291 1 292 1 385 0 ]
[9,9]^[0,0]^[2,2]^->1,[294 1 293 1 385 0 ]
[9,9]^[0,0]^[3,3]^->1,[385 0 295 1 296 1 ]
[9,9]^[0,0]^[4,4]^->1,[385 0 298 1 297 1 ]
[9,9]^[0,0]^[5,5]^->1,[300 1 385 0 299 1 ]
[9,9]^[0,0]^[6,6]^->1,[302 1 301 1 385 0 ]
[9,9]^[0,0]^[7,7]^->1,[304 1 303 1 385 0 ]
[9,9]^[0,0]^[8,8]^->1,[306 1 305 1 385 0 ]
[9,9]^[0,0]^[9,9]^->1,[307 1 385 0 308 1 ]
[9,9]^[0,0]^[10,10]^->1,[310 1 385 0 309 1 ]
[9,9]^[0,0]^[11,11]^->1,[311 1 385 0 312 1 ]
[9,9]^[0,0]^[12,12]^->1,[314 1 313 1 385 0 ]
[9,9]^[0,0]^[13,13]^->1,[385 0 316 1 315 1 ]
[9,9]^[0,0]^[14,14]^->1,[317 1 385 0 318 1 ]
[9,9]^[0,0]^[15,15]^->1,[320 1 385 0 319 1 ]
[9,9]^[1,1]^[0,0]^->1,[770 0 674 1 675 1 ]
[9,9]^[1,1]^[1,1]^->1,[770 0 676 1 677 1 ]
[9,9]^[1,1]^[2,2]^->1,[770 0 678 1 679 1 ]
[9,9]^[1,1]^[3,3]^->1,[681 1 770 0 680 1 ]
[9,9]^[1,1]^[4,4]^->1,[683 1 770 0 682 1 ]
[9,9]^[1,1]^[5,5]^->1,[770 0 684 1 685 1 ]
[9,9]^[1,1]^[6,6]^->1,[686 1 687 1 770 0 ]
[9,9]^[1,1]^[7,7]^->1,[689 1 770 0 688 1 ]
[9,9]^[1,1]^[8,8]^->1,[690 1 770 0 691 1 ]
[9,9]^[1,1]^[9,9]^->1,[692 1 770 0 693 1 ]
[9,9]^[1,1]^[10,10]^->1,[694 1 695 1 770 0 ]
[9,9]^[1,1]^[11,11]^->1,[696 1 770 0 697 1 ]
[9,9]^[1,1]^[12,12]^->1,[698 1 699 1 770 0 ]
[9,9]^[1,1]^[13,13]^->1,[701 1 770 0 700 1 ]
[9,9]^[1,1]^[14,14]^->1,[703 1 770 0 702 1 ]
[9,9]^[1,1]^[15,15]^->1,[704 1 770 0 705 1 ]
[9,9]^[2,2]^[0,0]^->1,[1155 0 1060 1 1059 1 ]
[9,9]^[2,2]^[1,1]^->1,[1155 0 1061 1 1062 1 ]
[9,9]^[2,2]^[2,2]^->1,[1155 0 1064 1 1063 1 ]
[9,9]^[2,2]^[3,3]^->1,[1065 1 1066 1 1155 0 ]
[9,9]^[2,2]^[4,4]^->1,[1068 1 1155 0 1067 1 ]
[9,9]^[2,2]^[5,5]^->1,[1155 0 1070 1 1069 1 ]
[9,9]^[2,2]^[6,6]^->1,[1155 0 1071 1 1072 1 ]
[9,9]^[2,2]^[7,7]^->1,[1073 1 1155 0 1074 1 ]
[9,9]^[2,2]^[8,8]^->1,[1155 0 1076 1 1075 1 ]
[9,9]^[2,2]^[9,9]^->1,[1155 0 1078 1 1077 1 ]
[9,9]^[2,2]^[10,10]^->1,[1155 0 1080 1 1079 1 ]
[9,9]^[2,2]^[11,11]^->1,[1155 0 1082 1 1081 1 ]
[9,9]^[2,2]^[12,12]^->1,[1083 1 1155 0 1084 1 ]
[9,9]^[2,2]^[13,13]^->1,[1086 1 1155 0 1085 1 ]
[9,9]^[2,2]^[14,14]^->1,[1155 0 1087 1 1088 1 ]
[9,9]^[2,2]^[15,15]^->1,[1155 0 1090 1 1089 1 ]
[9,9]^[3,3]^[0,0]^->1,[1444 1 1445 1 1540 0 ]
[9,9]^[3,3]^[1,1]^->1,[1447 1 1446 1 1540 0 ]
[9,9]^[3,3]^[2,2]^->1,[1449 1 1448 1 1540 0 ]
[9,9]^[3,3]^[3,3]^->1,[1451 1 1540 0 1450 1 ]
[9,9]^[3,3]^[4,4]^->1,[1452 1 1540 0 1453 1 ]
[9,9]^[3,3]^[5,5]^->1,[1454 1 1455 1 1540 0 ]
[9,9]^[3,3]^[6,6]^->1,[1456 1 1457 1 1540 0 ]
[9,9]^[3,3]^[7,7]^->1,[1458 1 1459 1 1540 0 ]
[9,9]^[3,3]^[8,8]^->1,[1461 1 1460 1 1540 0 ]
[9,9]^[3,3]^[9,9]^->1,[1463 1 1462 1 1540 0 ]
[9,9]^[3,3]^[10,10]^->1,[1464 1 1465 1 1540 0 ]
[9,9]^[3,3]^[11,11]^->1,[1466 1 1467 1 1540 0 ]
[9,9]^[3,3]^[12,12]^->1,[1468 1 1540 0 1469 1 ]
[9,9]^[3,3]^[13,13]^->1,[1470 1 1471 1 1540 0 ]
[9,9]^[3,3]^[14,14]^->1,[1472 1 1473 1 1540 0 ]
[9,9]^[3,3]^[15,15]^->1,[1475 1 1540 0 1474 1 ]
[10,10]^[0,0]^[0,0]^->1,[322 1 321 1 385 0 ]
[10,10]^[0,0]^[1,1]^->1,[324 1 323 1 385 0 ]
[10,10]^[0,0]^[2,2]^->1,[326 1 385 0 325 1 ]
[10,10]^[0,0]^[3,3]^->1,[385 0 327 1 328 1 ]
[10,10]^[0,0]^[4,4]^->1,[385 0 330 1 329 1 ]
[10,10]^[0,0]^[5,5]^->1,[331 1 385 0 332 1 ]
[10,10]^[0,0]^[6,6]^->1,[333 1 334 1 385 0 ]
[10,10]^[0,0]^[7,7]^->1,[335 1 385 0 336 1 ]
[10,10]^[0,0]^[8,8]^->1,[337 1 338 1 385 0 ]
[10,10]^[0,0]^[9,9]^->1,[340 1 385 0 339 1 ]
[10,10]^[0,0]^[10,10]^->1,[341 1 385 0 342 1 ]
[10,10]^[0,0]^[11,11]^->1,[344 1 343 1 385 0 ]
[10,10]^[0,0]^[12,12]^->1,[346 1 345 1 385 0 ]
[10,10]^[0,0]^[13,13]^->1,[385 0 347 1 348 1 ]
[10,10]^[0,0]^[14,14]^->1,[350 1 385 0 349 1 ]
[10,10]^[0,0]^[15,15]^->1,[352 1 385 0 351 1 ]
[10,10]^[1,1]^[0,0]^->1,[706 1 770 0 707 1 ]
[10,10]^[1,1]^[1,1]^->1,[709 1 770 0 708 1 ]
[10,10]^[1,1]^[2,2]^->1,[770 0 711 1 710 1 ]
[10,10]^[1,1]^[3,3]^->1,[713 1 712 1 770 0 ]
[10,10]^[1,1]^[4,4]^->1,[714 1 715 1 770 0 ]
[10,10]^[1,1]^[5,5]^->1,[717 1 770 0 716 1 ]
[10,10]^[1,1]^[6,6]^->1,[719 1 718 1 770 0 ]
[10,10]^[1,1]^[7,7]^->1,[721 1 720 1 770 0 ]
[10,10]^[1,1]^[8,8]^->1,[723 1 770 0 722 1 ]
[10,10]^[1,1]^[9,9]^->1,[770 0 724 1 725 1 ]
[10,10]^[1,1]^[10,10]^->1,[727 1 770 0 726 1 ]
[10,10]^[1,1]^[11,11]^->1,[728 1 770 0 729 1 ]
[10,10]^[1,1]^[12,12]^->1,[730 1 731 1 770 0 ]
[10,10]^[1,1]^[13,13]^->1,[733 1 770 0 732 1 ]
[10,10]^[1,1]^[14,14]^->1,[735 1 770 0 734 1 ]
[10,10]^[1,1]^[15,15]^->1,[736 1 737 1 770 0 ]
[10,10]^[2,2]^[0,0]^->1,[1155 0 1092 1 1091 1 ]
[10,10]^[2,2]^[1,1]^->1,[1155 0 1093 1 1094 1 ]
[10,10]^[2,2]^[2,2]^->1,[1155 0 1095 1 1096 1 ]
[10,10]^[2,2]^[3,3]^->1,[1155 0 1097 1 1098 1 ]
[10,10]^[2,2]^[4,4]^->1,[1155 0 1099 1 1100 1 ]
[10,10]^[2,2]^[5,5]^->1,[1102 1 1155 0 1101 1 ]
[10,10]^[2,2]^[6,6]^->1,[1155 0 1104 1 1103 1 ]
[10,10]^[2,2]^[7,7]^->1,[1155 0 1106 1 1105 1 ]
[10,10]^[2,2]^[8,8]^->1,[1108 1 1155 0 1107 1 ]
[10,10]^[2,2]^[9,9]^->1,[1155 0 1109 1 1110 1 ]
[10,10]^[2,2]^[10,10]^->1,[1155 0 1112 1 1111 1 ]
[10,10]^[2,2]^[11,11]^->1,[1155 0 1113 1 1114 1 ]
[10,10]^[2,2]^[12,12]^->1,[1155 0 1115 1 1116 1 ]
[10,10]^[2,2]^[13,13]^->1,[1155 0 1118 1 1117 1 ]
[10,10]^[2,2]^[14,14]^->1,[1155 0 1119 1 1120 1 ]
[10,10]^[2,2]^[15,15]^->1,[1122 1 1155 0 1121 1 ]
[10,10]^[3,3]^[0,0]^->1,[1477 1 1476 1 1540 0 ]
[10,10]^[3,3]^[1,1]^->1,[1479 1 1540 0 1478 1 ]
[10,10]^[3,3]^[2,2]^->1,[1481 1 1480 1 1540 0 ]
[10,10]^[3,3]^[3,3]^->1,[1483 1 1482 1 1540 0 ]
[10,10]^[3,3]^[4,4]^->1,[1484 1 1485 1 1540 0 ]
[10,10]^[3,3]^[5,5]^->1,[1486 1 1487 1 1540 0 ]
[10,10]^[3,3]^[6,6]^->1,[1489 1 1540 0 1488 1 ]
[10,10]^[3,3]^[7,7]^->1,[1490 1 1491 1 1540 0 ]
[10,10]^[3,3]^[8,8]^->1,[1492 1 1540 0 1493 1 ]
[10,10]^[3,3]^[9,9]^->1,[1494 1 1495 1 1540 0 ]
[10,10]^[3,3]^[10,10]^->1,[1496 1 1540 0 1497 1 ]
[10,10]^[3,3]^[11,11]^->1,[1498 1 1540 0 1499 1 ]
[10,10]^[3,3]^[12,12]^->1,[1501 1 1540 0 1500 1 ]
[10,10]^[3,3]^[13,13]^->1,[1502 1 1503 1 1540 0 ]
[10,10]^[3,3]^[14,14]^->1,[1504 1 1540 0 1505 1 ]
[10,10]^[3,3]^[15,15]^->1,[1506 1 1507 1 1540 0 ]
[11,11]^[0,0]^[0,0]^->1,[353 1 354 1 385 0 ]
[11,11]^[0,0]^[1,1]^->1,[356 1 385 0 355 1 ]
[11,11]^[0,0]^[2,2]^->1,[357 1 385 0 358 1 ]
[11,11]^[0,0]^[3,3]^->1,[359 1 360 1 385 0 ]
[11,11]^[0,0]^[4,4]^->1,[362 1 385 0 361 1 ]
[11,11]^[0,0]^[5,5]^->1,[363 1 364 1 385 0 ]
[11,11]^[0,0]^[6,6]^->1,[366 1 365 1 385 0 ]
[11,11]^[0,0]^[7,7]^->1,[368 1 385 0 367 1 ]
[11,11]^[0,0]^[8,8]^->1,[369 1 385 0 370 1 ]
[11,11]^[0,0]^[9,9]^->1,[371 1 385 0 372 1 ]
[11,11]^[0,0]^[10,10]^->1,[373 1 374 1 385 0 ]
[11,11]^[0,0]^[11,11]^->1,[376 1 385 0 375 1 ]
[11,11]^[0,0]^[12,12]^->1,[378 1 377 1 385 0 ]
[11,11]^[0,0]^[13,13]^->1,[380 1 379 1 385 0 ]
[11,11]^[0,0]^[14,14]^->1,[381 1 385 0 382 1 ]
[11,11]^[0,0]^[15,15]^->1,[385 0 384 1 383 1 ]
[11,11]^[1,1]^[0,0]^->1,[770 0 738 1 739 1 ]
[11,11]^[1,1]^[1,1]^->1,[741 1 770 0 740 1 ]
[11,11]^[1,1]^[2,2]^->1,[742 1 770 0 743 1 ]
[11,11]^[1,1]^[3,3]^->1,[744 1 745 1 770 0 ]
[11,11]^[1,1]^[4,4]^->1,[746 1 770 0 747 1 ]
[11,11]^[1,1]^[5,5]^->1,[749 1 770 0 748 1 ]
[11,11]^[1,1]^[6,6]^->1,[750 1 751 1 770 0 ]
[11,11]^[1,1]^[7,7]^->1,[753 1 770 0 752 1 ]
[11,11]^[1,1]^[8,8]^->1,[754 1 755 1 770 0 ]
[11,11]^[1,1]^[9,9]^->1,[770 0 757 1 756 1 ]
[11,11]^[1,1]^[10,10]^->1,[759 1 770 0 758 1 ]
[11,11]^[1,1]^[11,11]^->1,[761 1 770 0 760 1 ]
[11,11]^[1,1]^[12,12]^->1,[763 1 770 0 762 1 ]
[11,11]^[1,1]^[13,13]^->1,[764 1 770 0 765 1 ]
[11,11]^[1,1]^[14,14]^->1,[766 1 767 1 770 0 ]
[11,11]^[1,1]^[15,15]^->1,[768 1 770 0 769 1 ]
[11,11]^[2,2]^[0,0]^->1,[1155 0 1123 1 1124 1 ]
[11,11]^[2,2]^[1,1]^->1,[1155 0 1126 1 1125 1 ]
[11,11]^[2,2]^[2,2]^->1,[1155 0 1127 1 1128 1 ]
[11,11]^[2,2]^[3,3]^->1,[1155 0 1130 1 1129 1 ]
[11,11]^[2,2]^[4,4]^->1,[1131 1 1155 0 1132 1 ]
[11,11]^[2,2]^[5,5]^->1,[1155 0 1133 1 1134 1 ]
[11,11]^[2,2]^[6,6]^->1,[1155 0 1135 1 1136 1 ]
[11,11]^[2,2]^[7,7]^->1,[1155 0 1138 1 1137 1 ]
[11,11]^[2,2]^[8,8]^->1,[1155 0 1139 1 1140 1 ]
[11,11]^[2,2]^[9,9]^->1,[1155 0 1142 1 1141 1 ]
[11,11]^[2,2]^[10,10]^->1,[1155 0 1143 1 1144 1 ]
[11,11]^[2,2]^[11,11]^->1,[1155 0 1145 1 1146 1 ]
[11,11]^[2,2]^[12,12]^->1,[1155 0 1148 1 1147 1 ]
[11,11]^[2,2]^[13,13]^->1,[1155 0 1150 1 1149 1 ]
[11,11]^[2,2]^[14,14]^->1,[1155 0 1152 1 1151 1 ]
[11,11]^[2,2]^[15,15]^->1,[1155 0 1153 1 1154 1 ]
[11,11]^[3,3]^[0,0]^->1,[1508 1 1540 0 1509 1 ]
[11,11]^[3,3]^[1,1]^->1,[1511 1 1510 1 1540 0 ]
[11,11]^[3,3]^[2,2]^->1,[1513 1 1540 0 1512 1 ]
[11,11]^[3,3]^[3,3]^->1,[1514 1 1515 1 1540 0 ]
[11,11]^[3,3]^[4,4]^->1,[1517 1 1516 1 1540 0 ]
[11,11]^[3,3]^[5,5]^->1,[1518 1 1519 1 1540 0 ]
[11,11]^[3,3]^[6,6]^->1,[1521 1 1540 0 1520 1 ]
[11,11]^[3,3]^[7,7]^->1,[1522 1 1523 1 1540 0 ]
[11,11]^[3,3]^[8,8]^->1,[1525 1 1524 1 1540 0 ]
[11,11]^[3,3]^[9,9]^->1,[1526 1 1540 0 1527 1 ]
[11,11]^[3,3]^[10,10]^->1,[1528 1 1529 1 1540 0 ]
[11,11]^[3,3]^[11,11]^->1,[1531 1 1530 1 1540 0 ]
[11,11]^[3,3]^[12,12]^->1,[1532 1 1540 0 1533 1 ]
[11,11]^[3,3]^[13,13]^->1,[1534 1 1535 1 1540 0 ]
[11,11]^[3,3]^[14,14]^->1,[1537 1 1540 0 1536 1 ]
[11,11]^[3,3]^[15,15]^->1,[1538 1 1539 1 1540 0 ]
